52 448 480 
52 448 480 
52 416 480 
51 384 480 
53 480 480 
41 448 448 
41 480 448 
41 416 448 
41 384 448 
41 384 416 
41 352 416 
41 320 416 
41 288 416 
41 256 416 
41 224 416 
41 192 416 
41 160 416 
41 128 416 
41 96 416 
41 64 416 
41 0 416 
41 32 416 
41 0 384 
41 0 352 
41 0 320 
41 672 448 
41 512 416 
41 544 416 
41 576 416 
41 608 416 
41 640 416 
41 672 416 
41 704 416 
41 736 416 
41 768 416 
41 768 384 
41 768 352 
41 768 320 
41 768 288 
41 768 256 
41 768 224 
41 768 192 
41 768 160 
41 768 128 
41 768 96 
41 768 64 
41 768 32 
41 768 0 
41 736 0 
41 736 32 
46 384 448 
46 416 448 
46 448 448 
46 480 448 
46 416 416 
46 448 416 
46 448 384 
46 416 384 
46 416 352 
46 448 352 
46 448 320 
46 416 320 
46 416 288 
46 448 288 
46 384 224 
46 384 256 
46 352 256 
46 320 256 
46 320 224 
46 288 256 
46 288 224 
46 256 224 
46 256 256 
46 224 256 
46 224 224 
46 192 224 
46 192 256 
46 160 256 
46 160 224 
46 128 224 
46 128 256 
46 96 256 
46 96 224 
46 64 224 
46 64 256 
46 32 256 
46 32 224 
46 0 224 
46 0 256 
46 352 224 
46 416 224 
46 448 224 
46 448 256 
46 416 256 
44 384 384 
44 384 352 
44 384 416 
44 384 448 
44 384 320 
42 480 384 
42 480 352 
42 480 320 
42 480 288 
42 480 256 
42 480 416 
42 480 448 
42 480 224 
43 448 192 
43 416 192 
43 384 192 
43 352 192 
43 320 192 
43 288 192 
43 256 192 
43 224 192 
43 192 192 
43 160 192 
43 128 192 
43 96 192 
43 64 192 
43 32 192 
43 0 192 
45 352 288 
45 320 288 
45 288 288 
45 256 288 
45 224 288 
45 192 288 
45 160 288 
45 128 288 
45 96 288 
45 64 288 
45 32 288 
45 0 288 
41 32 384 
41 64 384 
41 96 384 
41 128 384 
41 160 384 
41 192 384 
41 224 384 
41 256 384 
41 288 384 
41 320 384 
41 352 384 
41 352 352 
41 288 352 
41 320 352 
41 256 352 
41 224 352 
41 192 352 
41 160 352 
41 128 352 
41 96 352 
41 64 352 
41 32 352 
41 32 320 
41 64 320 
41 96 320 
41 128 320 
41 160 320 
41 192 320 
41 224 320 
41 256 320 
41 288 320 
41 320 320 
41 352 320 
41 416 160 
41 416 128 
41 448 160 
41 448 128 
41 448 96 
41 448 64 
41 448 32 
41 448 0 
41 416 0 
41 416 32 
41 416 64 
41 416 96 
41 384 0 
41 384 32 
41 384 64 
41 384 96 
41 384 128 
41 384 160 
41 352 160 
41 352 128 
41 352 96 
41 352 64 
41 352 32 
41 352 0 
41 320 0 
41 320 32 
41 320 64 
41 320 96 
41 320 128 
41 320 160 
41 288 160 
41 288 128 
41 288 96 
41 288 64 
41 288 32 
41 288 0 
41 256 0 
41 256 32 
41 256 64 
41 256 96 
41 256 128 
41 256 160 
41 224 160 
41 224 128 
41 224 96 
41 224 64 
41 224 32 
41 224 0 
41 192 0 
41 192 32 
41 192 64 
41 192 96 
41 192 128 
41 192 160 
41 160 160 
41 160 128 
41 160 96 
41 160 64 
41 160 32 
41 160 0 
41 128 0 
41 128 32 
41 128 64 
41 128 96 
41 128 128 
41 128 160 
41 96 160 
41 96 128 
41 96 96 
41 96 64 
41 96 32 
41 96 0 
41 64 0 
41 64 32 
41 64 64 
41 64 96 
41 64 128 
41 64 160 
41 32 160 
41 32 128 
41 32 96 
41 32 64 
41 32 32 
41 32 0 
41 0 0 
41 0 32 
41 0 64 
41 0 96 
41 0 128 
41 0 160 
41 0 160 
48 128 0 
46 448 192 
46 416 192 
46 416 160 
46 448 160 
46 448 128 
46 448 96 
46 448 64 
46 448 32 
46 448 0 
46 416 0 
46 416 32 
46 416 64 
46 416 96 
46 416 128 
46 480 224 
46 480 256 
46 512 224 
46 544 224 
46 512 256 
46 544 256 
46 576 256 
46 608 256 
46 576 224 
46 608 224 
46 640 224 
46 640 256 
46 672 224 
46 672 256 
46 704 224 
46 736 224 
46 704 256 
46 736 256 
46 768 224 
46 768 256 
46 800 256 
46 800 224 
46 832 224 
46 832 256 
46 864 224 
46 864 256 
46 960 288 
46 960 320 
46 992 320 
46 992 288 
46 992 352 
46 960 352 
46 960 384 
46 992 384 
46 960 192 
46 960 160 
46 992 192 
46 992 160 
46 992 128 
46 960 128 
46 960 96 
46 960 64 
46 960 32 
46 960 0 
46 992 0 
46 992 32 
46 992 64 
46 992 96 
46 960 224 
46 960 256 
46 992 256 
46 992 224 
46 928 224 
46 896 224 
46 896 256 
46 928 256 
46 960 416 
46 992 416 
46 992 448 
46 960 448 
41 544 320 
41 576 320 
41 608 320 
41 640 320 
41 672 320 
41 704 320 
41 736 320 
41 736 352 
41 736 384 
41 672 384 
41 704 384 
41 704 352 
41 672 352 
41 640 352 
41 640 384 
41 608 384 
41 608 352 
41 576 352 
41 544 352 
41 544 384 
41 512 384 
41 512 352 
41 512 320 
41 800 416 
41 832 416 
41 864 416 
41 896 416 
41 928 416 
41 928 384 
41 896 384 
41 864 384 
41 832 384 
41 800 384 
41 800 352 
41 832 352 
41 864 352 
41 896 352 
41 928 352 
41 896 320 
41 864 320 
41 832 320 
41 800 320 
41 896 160 
41 896 128 
41 896 96 
41 896 64 
41 896 32 
41 896 0 
41 864 0 
41 864 32 
41 864 64 
41 864 96 
41 864 128 
41 864 160 
41 832 160 
41 832 128 
41 832 96 
41 832 64 
41 832 32 
41 832 0 
41 800 0 
41 800 32 
41 800 64 
41 800 96 
41 800 128 
41 800 160 
41 736 160 
41 704 160 
41 672 160 
41 640 160 
41 608 160 
41 544 160 
41 576 160 
41 512 160 
41 512 128 
41 512 96 
41 512 64 
41 512 32 
41 512 0 
41 544 0 
41 544 32 
41 544 64 
41 544 96 
41 544 128 
41 576 128 
41 576 96 
41 576 64 
41 576 32 
41 576 0 
41 608 0 
41 608 32 
41 608 64 
41 608 96 
41 608 128 
41 640 128 
41 640 96 
41 640 64 
41 640 32 
41 640 0 
41 672 0 
41 672 32 
41 672 64 
41 672 96 
41 672 128 
41 704 128 
41 704 96 
41 704 64 
41 704 32 
41 704 0 
41 736 96 
41 736 64 
41 736 128 
43 896 192 
43 864 192 
43 832 192 
43 800 192 
43 768 192 
43 736 192 
43 704 192 
43 672 192 
43 640 192 
43 608 192 
43 576 192 
43 544 192 
43 512 192 
45 512 288 
45 544 288 
45 576 288 
45 608 288 
45 640 288 
45 672 288 
45 704 288 
45 736 288 
45 768 288 
45 800 288 
45 832 288 
45 864 288 
45 896 288 
44 928 160 
44 928 128 
44 928 96 
44 928 64 
44 928 32 
44 928 0 
44 928 320 
44 928 352 
44 928 384 
44 928 416 
44 928 448 
42 480 160 
42 480 128 
42 480 96 
42 480 64 
42 480 32 
42 480 0 
43 384 0 
44 384 0 
44 384 32 
44 384 64 
44 384 96 
44 384 128 
44 384 160 
44 384 192 
41 576 384 
51 928 480 
52 960 480 
52 992 480 
52 992 480 
53 1024 480 
41 1056 160 
41 1088 160 
41 1120 160 
41 1152 160 
41 1184 160 
41 1216 160 
41 1248 160 
41 1280 160 
41 1312 160 
41 1344 160 
41 1376 160 
41 1408 160 
41 1440 160 
41 1440 128 
41 1440 96 
41 1440 64 
41 1440 32 
41 1440 0 
41 1408 0 
41 1408 32 
41 1408 64 
41 1408 96 
41 1408 128 
41 1376 128 
41 1376 64 
41 1376 96 
41 1376 32 
41 1376 0 
41 1344 0 
41 1344 32 
41 1344 64 
41 1344 96 
41 1344 128 
41 1312 128 
41 1312 96 
41 1312 64 
41 1312 32 
41 1312 0 
41 1280 0 
41 1280 32 
41 1280 64 
41 1280 96 
41 1280 128 
41 1248 128 
41 1248 96 
41 1248 64 
41 1248 32 
41 1248 0 
41 1216 0 
41 1216 32 
41 1216 64 
41 1216 96 
41 1216 128 
41 1184 128 
41 1184 96 
41 1184 64 
41 1184 32 
41 1184 0 
41 1152 0 
41 1152 32 
41 1152 64 
41 1152 96 
41 1152 128 
41 1120 128 
41 1120 96 
41 1120 64 
41 1120 32 
41 1120 0 
41 1088 0 
41 1088 32 
41 1088 64 
41 1088 96 
41 1088 128 
41 1056 128 
41 1056 64 
41 1056 96 
41 1056 32 
41 1056 0 
46 1024 224 
46 1024 256 
46 1056 256 
46 1056 224 
46 1088 224 
46 1088 256 
46 1120 224 
46 1120 256 
46 1152 256 
46 1184 224 
46 1152 224 
46 1184 256 
46 1216 224 
46 1216 256 
46 1248 224 
46 1248 256 
46 1280 224 
46 1280 256 
46 1312 224 
46 1344 224 
46 1312 256 
46 1344 256 
46 1376 256 
46 1376 224 
46 1408 224 
46 1408 256 
46 1440 256 
46 1440 224 
46 1472 224 
46 1472 256 
42 1024 0 
42 1024 32 
42 1024 96 
42 1024 64 
42 1024 128 
42 1024 160 
42 1024 320 
42 1024 352 
42 1024 384 
42 1024 416 
42 1024 448 
42 1056 192 
43 1056 192 
43 1088 192 
43 1120 192 
43 1152 192 
43 1184 192 
43 1216 192 
43 1248 192 
43 1280 192 
43 1344 192 
43 1312 192 
43 1376 192 
43 1408 192 
43 1440 192 
43 1472 192 
45 1056 288 
45 1088 288 
45 1120 288 
45 1152 288 
45 1184 288 
45 1216 288 
45 1248 288 
45 1280 288 
45 1312 288 
45 1344 288 
45 1376 288 
45 1408 288 
45 1440 288 
45 1472 288 
41 1056 320 
41 1088 320 
41 1120 320 
41 1152 320 
41 1184 320 
41 1216 320 
41 1248 320 
41 1280 320 
41 1312 320 
41 1344 320 
41 1376 320 
41 1408 320 
41 1440 320 
41 1472 320 
41 1472 352 
41 1440 352 
41 1408 352 
41 1376 352 
41 1344 352 
41 1312 352 
41 1280 352 
41 1248 352 
41 1216 352 
41 1184 352 
41 1152 352 
41 1120 352 
41 1088 352 
41 1056 352 
41 1056 384 
41 1088 384 
41 1120 384 
41 1152 384 
41 1184 384 
41 1216 384 
41 1248 384 
41 1280 384 
41 1312 384 
41 1344 384 
41 1376 384 
41 1408 384 
41 1440 384 
41 1472 384 
41 1472 416 
41 1408 416 
41 1440 416 
41 1344 416 
41 1056 416 
41 1088 416 
41 1120 416 
41 1152 416 
41 1184 416 
41 1216 416 
41 1248 416 
41 1280 416 
41 1312 416 
41 1376 416 
41 1472 160 
41 1472 128 
41 1472 96 
41 1472 64 
41 1472 32 
41 1472 0 
75 1184 0 
