700 1000
0 0
13 224 896 
13 224 896 
13 224 928 
13 224 960 
13 224 992 
13 256 896 
13 256 928 
13 256 960 
13 256 992 
13 288 896 
13 288 928 
13 288 960 
13 288 992 
13 320 896 
13 320 928 
13 320 960 
13 320 992 
13 224 800 
13 224 832 
13 224 864 
13 256 800 
13 256 832 
13 256 864 
13 288 800 
13 288 832 
13 288 864 
13 320 800 
13 320 832 
13 320 864 
13 224 704 
13 224 736 
13 224 768 
13 256 704 
13 256 736 
13 256 768 
13 288 704 
13 288 736 
13 288 768 
13 320 704 
13 320 736 
13 320 768 
13 224 576 
13 224 608 
13 224 640 
13 224 672 
13 256 576 
13 256 608 
13 256 640 
13 256 672 
13 288 576 
13 288 608 
13 288 640 
13 288 672 
13 320 576 
13 320 608 
13 320 640 
13 320 672 
13 32 480 
13 32 512 
13 32 544 
13 64 480 
13 64 512 
13 64 544 
13 96 480 
13 96 512 
13 96 544 
13 32 448 
13 64 448 
13 96 448 
13 128 448 
13 128 480 
13 128 512 
13 160 448 
13 160 480 
13 160 512 
13 192 448 
13 192 480 
13 192 512 
13 224 448 
13 224 480 
13 224 512 
13 256 448 
13 256 480 
13 256 512 
13 288 448 
13 288 480 
13 288 512 
13 320 448 
13 320 480 
13 320 512 
13 352 448 
13 352 480 
13 352 512 
13 384 448 
13 384 480 
13 384 512 
13 416 448 
13 416 480 
13 416 512 
13 448 448 
13 448 480 
13 448 512 
13 480 448 
13 480 480 
13 480 512 
13 512 448 
13 512 480 
13 512 512 
13 544 448 
13 544 480 
13 544 512 
13 576 448 
13 576 480 
13 576 512 
13 576 512 
13 608 448 
13 608 480 
13 608 512 
13 640 448 
13 640 480 
13 640 512 
13 384 576 
13 384 608 
13 384 640 
13 416 576 
13 416 608 
13 416 640 
13 448 576 
13 448 608 
13 448 640 
13 480 576 
13 480 608 
13 480 640 
13 512 576 
13 512 608 
13 512 640 
13 544 576 
13 544 608 
13 544 640 
13 576 576 
13 576 608 
13 576 640 
13 608 576 
13 608 608 
13 608 640 
13 640 576 
13 640 608 
13 640 640 
13 576 672 
13 576 704 
13 576 736 
13 608 672 
13 608 704 
13 608 736 
13 640 672 
13 640 704 
13 640 736 
13 576 768 
13 576 800 
13 576 832 
13 608 768 
13 608 800 
13 608 832 
13 640 768 
13 640 800 
13 640 832 
13 576 864 
13 576 896 
13 576 928 
13 608 864 
13 608 896 
13 608 928 
13 640 864 
13 640 896 
13 640 928 
13 576 960 
13 608 960 
13 640 960 
13 480 896 
13 480 928 
13 480 960 
13 512 896 
13 512 928 
13 512 960 
13 544 896 
13 544 928 
13 544 960 
13 384 896 
13 384 928 
13 384 960 
13 416 896 
13 416 928 
13 416 960 
13 448 896 
13 448 928 
13 448 960 
13 384 672 
13 384 704 
13 384 736 
13 416 672 
13 416 704 
13 416 736 
13 448 672 
13 448 704 
13 448 736 
13 384 768 
13 384 800 
13 384 832 
13 416 768 
13 416 800 
13 416 832 
13 448 768 
13 448 800 
13 448 832 
13 384 864 
13 416 864 
13 448 864 
13 480 672 
13 480 704 
13 480 736 
13 512 672 
13 512 704 
13 512 736 
13 544 672 
13 544 704 
13 544 736 
13 480 768 
13 480 800 
13 480 832 
13 512 768 
13 512 800 
13 512 832 
13 544 768 
13 544 800 
13 544 832 
13 480 864 
13 512 864 
13 544 864 
13 576 352 
13 576 384 
13 576 416 
13 608 352 
13 608 384 
13 608 416 
13 640 352 
13 640 384 
13 640 416 
13 576 256 
13 576 288 
13 576 320 
13 608 256 
13 608 288 
13 608 320 
13 640 256 
13 640 288 
13 640 320 
13 576 192 
13 576 224 
13 608 192 
13 608 224 
13 640 192 
13 640 224 
13 480 192 
13 480 224 
13 480 256 
13 512 192 
13 512 224 
13 512 256 
13 544 192 
13 544 224 
13 544 256 
13 384 192 
13 384 224 
13 384 256 
13 416 192 
13 416 224 
13 416 256 
13 448 192 
13 448 224 
13 448 256 
13 288 192 
13 288 224 
13 288 256 
13 320 192 
13 320 224 
13 320 256 
13 352 192 
13 352 224 
13 352 256 
13 192 192 
13 192 224 
13 192 256 
13 224 192 
13 224 224 
13 224 256 
13 256 192 
13 256 224 
13 256 256 
13 128 192 
13 128 224 
13 128 256 
13 160 192 
13 160 224 
13 160 256 
13 128 288 
13 128 320 
13 128 352 
13 160 288 
13 160 320 
13 160 352 
13 192 288 
13 192 320 
13 192 352 
13 128 384 
13 128 416 
13 160 384 
13 160 416 
13 192 384 
13 192 416 
13 224 288 
13 224 320 
13 224 352 
13 256 288 
13 256 320 
13 256 352 
13 288 288 
13 288 320 
13 288 352 
13 320 288 
13 320 320 
13 320 352 
13 352 288 
13 352 320 
13 352 352 
13 384 288 
13 384 320 
13 384 352 
13 416 288 
13 416 320 
13 416 352 
13 448 288 
13 448 320 
13 448 352 
13 480 288 
13 480 320 
13 480 352 
13 512 288 
13 512 320 
13 512 352 
13 544 288 
13 544 320 
13 544 352 
13 224 384 
13 224 416 
13 256 384 
13 256 416 
13 288 384 
13 288 416 
13 320 384 
13 320 416 
13 352 384 
13 352 416 
13 384 384 
13 384 416 
13 416 384 
13 416 416 
13 448 384 
13 448 416 
13 480 384 
13 480 416 
13 512 384 
13 512 416 
13 544 384 
13 544 416 
30 640 160 
30 640 192 
30 640 224 
30 672 160 
30 672 192 
30 672 224 
30 704 160 
30 704 192 
30 704 224 
30 608 160 
30 576 160 
30 544 160 
30 512 160 
30 480 160 
30 448 160 
30 416 160 
30 384 160 
30 352 160 
30 320 160 
30 288 160 
30 256 160 
30 224 160 
30 192 160 
30 160 160 
30 128 160 
30 384 640 
30 416 640 
30 448 640 
30 480 640 
30 512 640 
30 544 640 
30 576 640 
30 608 640 
30 640 640 
30 320 640 
30 224 640 
31 640 128 
31 608 128 
31 576 128 
31 544 128 
31 512 128 
31 480 128 
31 448 128 
31 416 128 
31 384 128 
31 352 128 
31 320 128 
31 288 128 
31 256 128 
31 224 128 
31 192 128 
31 160 128 
31 128 128 
31 320 608 
31 224 608 
31 384 608 
31 416 608 
31 448 608 
31 480 608 
31 512 608 
31 544 608 
31 576 608 
31 608 608 
31 640 608 
32 224 576 
32 320 576 
32 384 576 
32 416 576 
32 448 576 
32 480 576 
32 512 576 
32 544 576 
32 576 576 
32 608 576 
32 640 576 
32 640 96 
32 608 96 
32 576 96 
32 544 96 
32 512 96 
32 480 96 
32 448 96 
32 416 96 
32 384 96 
32 352 96 
32 320 96 
32 288 96 
32 256 96 
32 224 96 
32 192 96 
32 160 96 
32 128 96 
13 288 544 
13 256 544 
13 352 800 
13 352 832 
33 128 64 
33 160 64 
33 192 64 
33 224 64 
33 256 64 
33 288 64 
33 320 64 
33 352 64 
33 384 64 
33 416 64 
33 448 64 
33 480 64 
33 512 64 
33 544 64 
33 576 64 
33 608 64 
33 640 64 
34 96 64 
34 96 96 
34 96 128 
34 96 160 
34 96 192 
34 96 224 
34 96 256 
34 96 288 
34 96 320 
34 96 352 
34 96 384 
34 96 416 
34 96 448 
34 96 480 
34 96 512 
34 192 576 
34 192 608 
34 192 640 
34 192 672 
34 192 704 
34 192 736 
34 192 768 
34 192 800 
34 192 832 
34 192 864 
34 192 896 
34 192 928 
34 192 960 
34 192 992 
36 672 960 
36 672 928 
36 672 896 
36 672 864 
36 672 832 
36 672 800 
36 672 768 
36 672 736 
36 672 704 
36 672 672 
36 672 640 
36 672 608 
36 672 576 
36 672 512 
36 672 480 
36 672 448 
36 672 416 
36 672 384 
36 672 352 
36 672 128 
36 672 160 
36 672 192 
36 672 224 
36 672 256 
36 672 288 
36 672 320 
36 672 96 
35 640 992 
35 608 992 
35 576 992 
35 544 992 
35 512 992 
35 480 992 
35 448 992 
35 416 992 
35 384 992 
36 352 992 
30 352 768 
30 352 736 
31 352 736 
32 352 704 
62 352 576 
62 352 608 
62 352 640 
62 352 896 
62 352 928 
62 352 960 
63 352 864 
64 352 672 
35 128 544 
35 160 544 
35 160 544 
78 384 544 
78 416 544 
78 448 544 
78 480 544 
78 512 544 
78 544 544 
78 576 544 
78 608 544 
78 640 544 
78 224 544 
79 224 544 
80 320 544 
35 192 544 
35 352 544 
61 320 192 
61 480 672 
71 640 192 
40 384 192 
40 288 192 
40 544 672 
73 576 96 
73 448 96 
73 192 96 
74 192 96 
74 448 96 
74 576 96 
